GFLOps/s
E: 0.719936
RK2: 3.46851
RK4: 3.97222
SE: 1.62681
L: 2.86031
