GFLOps/s
E: 1.10809
RK2: 3.42394
RK4: 3.952
SE: 1.61449
L: 2.84925
