GFLOps/s
E: 0.910264
RK2: 2.20297
RK4: 3.10009
SE: 1.30017
L: 2.3502
